11 11
0.000000000000000000000000000000
0.000000000000000000000000000000
0.000000000000000000000000000000
0.001249603832016374200000000000
0.004966947184033994800000000000
0.006259934702148580600000000000
0.004966947184033994800000000000
0.001249603832016374200000000000
0.000000000000000000000000000000
0.000000000000000000000000000000
0.000000000000000000000000000000
0.000000000000000000000000000000
0.000032046417151121444000000000
0.006157069579665109600000000000
0.012395873558578515000000000000
0.012732395447351627000000000000
0.012732395447351627000000000000
0.012732395447351627000000000000
0.012395873558578515000000000000
0.006157069579665109600000000000
0.000032046417151121444000000000
0.000000000000000000000000000000
0.000000000000000000000000000000
0.006157069579665109600000000000
0.012732395447351627000000000000
0.012732395447351627000000000000
0.012732395447351627000000000000
0.012732395447351627000000000000
0.012732395447351627000000000000
0.012732395447351627000000000000
0.012732395447351627000000000000
0.006157069579665109600000000000
0.000000000000000000000000000000
0.001249603832016374200000000000
0.012395873558578515000000000000
0.012732395447351627000000000000
0.012732395447351627000000000000
0.012732395447351627000000000000
0.012732395447351627000000000000
0.012732395447351627000000000000
0.012732395447351627000000000000
0.012732395447351627000000000000
0.012395873558578515000000000000
0.001249603832016374200000000000
0.004966947184033994800000000000
0.012732395447351627000000000000
0.012732395447351627000000000000
0.012732395447351627000000000000
0.012732395447351627000000000000
0.012732395447351627000000000000
0.012732395447351627000000000000
0.012732395447351627000000000000
0.012732395447351627000000000000
0.012732395447351627000000000000
0.004966947184033994800000000000
0.006259934702148580600000000000
0.012732395447351627000000000000
0.012732395447351627000000000000
0.012732395447351627000000000000
0.012732395447351627000000000000
0.012732395447351627000000000000
0.012732395447351627000000000000
0.012732395447351627000000000000
0.012732395447351627000000000000
0.012732395447351627000000000000
0.006259934702148580600000000000
0.004966947184033994800000000000
0.012732395447351627000000000000
0.012732395447351627000000000000
0.012732395447351627000000000000
0.012732395447351627000000000000
0.012732395447351627000000000000
0.012732395447351627000000000000
0.012732395447351627000000000000
0.012732395447351627000000000000
0.012732395447351627000000000000
0.004966947184033994800000000000
0.001249603832016374200000000000
0.012395873558578515000000000000
0.012732395447351627000000000000
0.012732395447351627000000000000
0.012732395447351627000000000000
0.012732395447351627000000000000
0.012732395447351627000000000000
0.012732395447351627000000000000
0.012732395447351627000000000000
0.012395873558578515000000000000
0.001249603832016374200000000000
0.000000000000000000000000000000
0.006157069579665109600000000000
0.012732395447351627000000000000
0.012732395447351627000000000000
0.012732395447351627000000000000
0.012732395447351627000000000000
0.012732395447351627000000000000
0.012732395447351627000000000000
0.012732395447351627000000000000
0.006157069579665109600000000000
0.000000000000000000000000000000
0.000000000000000000000000000000
0.000032046417151121444000000000
0.006157069579665109600000000000
0.012395873558578515000000000000
0.012732395447351627000000000000
0.012732395447351627000000000000
0.012732395447351627000000000000
0.012395873558578515000000000000
0.006157069579665109600000000000
0.000032046417151121444000000000
0.000000000000000000000000000000
0.000000000000000000000000000000
0.000000000000000000000000000000
0.000000000000000000000000000000
0.001249603832016374200000000000
0.004966947184033994800000000000
0.006259934702148580600000000000
0.004966947184033994800000000000
0.001249603832016374200000000000
0.000000000000000000000000000000
0.000000000000000000000000000000
0.000000000000000000000000000000
